Iteration	CPUTime	PhysTime	Travels	Value	AvValue	MinValue	MaxValue	Delta	Criteria	PrevAvRefValue	Progress	CriteriaType	CriteriaVarType	CriteriaPercentage
1	8	0	0.0138111774	101359.091	101359.091	101359.091	101359.091	0	0	0	0	0	0	3
2	10	0	0.0276223547	101350.507	101354.799	101350.507	101359.091	4.29196718	0	0	0	0	0	3
3	11	0	0.0414335321	101344.148	101351.248	101344.148	101359.091	7.84235374	0	0	0	0	0	3
4	12	0	0.0552447094	101342.697	101349.111	101342.697	101359.091	9.98030269	0	0	0	0	0	3
5	14	0	0.0690558868	101342.55	101347.798	101342.55	101359.091	11.2924321	0	0	0	0	0	3
6	15	0	0.0828670641	101342.894	101346.981	101342.55	101359.091	12.1099035	0	0	0	0	0	3
7	17	0	0.0966782415	101343.248	101346.448	101342.55	101359.091	12.6431538	0	0	0	0	0	3
8	18	0	0.110489419	101343.777	101346.114	101342.55	101359.091	12.9770158	0	0	0	0	0	3
9	19	0	0.124300596	101342.851	101345.751	101342.55	101359.091	13.3395988	0	0	0	0	0	3
10	21	0	0.138111774	101342.275	101345.404	101342.275	101359.091	13.6871976	0	0	0	0	0	3
11	22	0	0.151922951	101342.871	101345.173	101342.275	101359.091	13.9174106	0	0	0	0	0	3
12	23	0	0.165734128	101342.815	101344.977	101342.275	101359.091	14.1139382	0	0	0	0	0	3
13	25	0	0.179545306	101342.837	101344.812	101342.275	101359.091	14.2785361	0	0	0	0	0	3
14	26	0	0.193356483	101342.807	101344.669	101342.275	101359.091	14.4217983	0	0	0	0	0	3
15	27	0	0.20716766	101343.128	101344.566	101342.275	101359.091	14.5245466	0	0	0	0	0	3
16	28	0	0.220978838	101342.581	101344.442	101342.275	101359.091	14.6486234	0	0	0	0	0	3
17	29	0	0.234790015	101342.445	101344.325	101342.275	101359.091	14.7661218	0	0	0	0	0	3
18	31	0	0.248601192	101342.022	101344.197	101342.022	101359.091	14.894064	0	0	0	0	0	3
19	32	0	0.26241237	101342.241	101344.094	101342.022	101359.091	14.99702	0	0	0	0	0	3
20	34	0	0.276223547	101341.812	101343.98	101341.812	101359.091	15.1110952	0	0	0	0	0	3
21	35	0	0.290034724	101341.85	101343.878	101341.812	101359.091	15.2125041	0	0	0	0	0	3
22	36	0	0.303845902	101341.664	101343.778	101341.664	101359.091	15.3131744	0	0	0	0	0	3
23	38	0	0.317657079	101341.741	101343.689	101341.664	101359.091	15.401737	0	0	0	0	0	3
24	39	0	0.331468256	101341.529	101343.599	101341.529	101359.091	15.491761	0	0	0	0	0	3
25	40	0	0.345279434	101341.319	101343.508	101341.319	101359.091	15.5829694	0	0	0	0	0	3
26	42	0	0.359090611	101341.373	101343.426	101341.319	101359.091	15.6650648	0	0	0	0	0	3
27	43	0	0.372901789	101341.733	101343.363	101341.319	101359.091	15.7277702	0	0	0	0	0	3
28	44	0	0.386712966	101342.036	101343.316	101341.319	101359.091	15.7751658	0	0	0	0	0	3
29	46	0	0.400524143	101342.202	101343.277	101341.319	101359.091	15.8135757	0	0	0	0	0	3
30	47	0	0.414335321	101342.398	101343.248	101341.319	101359.091	15.8428742	0	0	0	0	0	3
31	48	0	0.428146498	101342.493	101343.224	101341.319	101359.091	15.8672268	0	0	0	0	0	3
32	50	0	0.441957675	101342.619	101343.205	101341.319	101359.091	15.8861189	0	0	0	0	0	3
33	51	0	0.455768853	101342.549	101343.185	101341.319	101359.091	15.9060019	0	0	0	0	0	3
34	52	0	0.46958003	101342.542	101343.166	101341.319	101359.091	15.9249115	0	0	0	0	0	3
35	54	0	0.483391207	101342.467	101343.146	101341.319	101359.091	15.9448816	0	0	0	0	0	3
36	55	0	0.497202385	101342.452	101343.127	101341.319	101359.091	15.9641701	0	0	0	0	0	3
37	56	0	0.511013562	101342.312	101343.105	101341.319	101359.091	15.9861985	0	0	0	0	0	3
38	59	0	0.524824739	101342.33	101342.652	101341.319	101350.507	9.18803648	0	0	0	0	0	3
39	63	0	0.538635917	101342.481	101342.435	101341.319	101344.148	2.82884396	0	0	0	0	0	3
40	64	0	0.552447094	101342.483	101342.39	101341.319	101343.777	2.45792055	0	0	0	0	0	3
41	65	0	0.566258272	101342.561	101342.386	101341.319	101343.777	2.45792055	0	0	0	0	0	3
42	67	0	0.580069449	101342.595	101342.387	101341.319	101343.777	2.45792055	0	0	0	0	0	3
43	68	0	0.593880626	101342.559	101342.378	101341.319	101343.777	2.45792055	0	0	0	0	0	3
44	70	0	0.607691804	101342.402	101342.355	101341.319	101343.777	2.45792055	0	0	0	0	0	3
45	72	0	0.621502981	101342.401	101342.318	101341.319	101343.128	1.80894734	0	0	0	0	0	3
46	74	0	0.635314158	101342.503	101342.309	101341.319	101343.128	1.80894734	0	0	0	0	0	3
47	76	0	0.649125336	101342.543	101342.316	101341.319	101343.128	1.80894734	0	0	0	0	0	3
48	80	0	0.662936513	101342.414	101342.304	101341.319	101343.128	1.80894734	0	0	0	0	0	3
49	83	0	0.67674769	101342.378	101342.292	101341.319	101343.128	1.80894734	0	0	0	0	0	3
50	84	0	0.690558868	101342.364	101342.279	101341.319	101343.128	1.80894734	0	0	0	0	0	3
51	86	0	0.704370045	101342.349	101342.267	101341.319	101343.128	1.80894734	0	0	0	0	0	3
52	87	0	0.718181222	101342.476	101342.249	101341.319	101342.619	1.30019808	0	0	0	0	0	3
53	88	0	0.7319924	101342.399	101342.244	101341.319	101342.619	1.30019808	0	0	0	0	0	3
54	90	0	0.745803577	101342.397	101342.243	101341.319	101342.619	1.30019808	0	0	0	0	0	3
55	91	0	0.759614754	101342.428	101342.254	101341.319	101342.619	1.30019808	0	0	0	0	0	3
56	93	0	0.773425932	101342.638	101342.265	101341.319	101342.638	1.31933501	0	0	0	0	0	3
57	94	0	0.787237109	101342.688	101342.288	101341.319	101342.688	1.3690918	0	0	0	0	0	3
58	96	0	0.801048287	101342.864	101342.316	101341.319	101342.864	1.53478194	0	0	0	0	0	3
59	97	0	0.814859464	101343.096	101342.354	101341.319	101343.096	1.44621937	0	0	0	0	0	3
60	98	0	0.828670641	101342.982	101342.388	101341.319	101343.096	1.35619538	0	0	0	0	0	3
61	100	0	0.842481819	101342.769	101342.421	101341.319	101343.096	1.26498699	0	0	0	0	0	3
62	101	0	0.856292996	101342.695	101342.459	101341.373	101343.096	1.18289161	0	0	0	0	0	3
63	102	0	0.870104173	101342.722	101342.495	101341.733	101343.096	1.1201862	0	0	0	0	0	3
64	104	0	0.883915351	101342.933	101342.528	101342.036	101343.096	1.06048468	0	0	0	0	0	3
65	105	0	0.897726528	101342.832	101342.549	101342.202	101343.096	0.894689112	0	0	0	0	0	3
66	106	0	0.911537705	101342.953	101342.569	101342.312	101343.096	0.784856462	0	0	0	0	0	3
67	108	0	0.925348883	101342.854	101342.582	101342.312	101343.096	0.784856462	0	0	0	0	0	3
68	109	0	0.93916006	101343.136	101342.599	101342.312	101343.136	0.824672856	0	0	0	0	0	3
69	111	0	0.952971237	101343.398	101342.62	101342.312	101343.398	0.941954443	0	0	0	0	0	3
70	112	0	0.966782415	101343.449	101342.644	101342.312	101343.449	0.92304489	0	0	0	0	0	3
71	113	0	0.980593592	101343.383	101342.667	101342.312	101343.449	0.903074736	0	0	0	0	0	3
72	115	0	0.994404769	101343.546	101342.696	101342.312	101343.546	0.883786306	0	0	0	0	0	3
73	116	0	1.00821595	101343.701	101342.73	101342.312	101343.701	0.861757914	0.0848653187	0	9.8	0	0	3
74	117	0	1.02202712	101343.715	101342.768	101342.33	101343.715	0.525186386	0.0848653187	0	16.1	0	0	3
75	119	0	1.0358383	101343.562	101342.801	101342.349	101343.715	0.558497315	0.0848653187	0	15.1	0	0	3
76	120	0	1.04964948	101343.733	101342.835	101342.349	101343.733	0.592343427	0.0848653187	0	14.3	0	0	3
77	122	0	1.06346066	101343.675	101342.867	101342.349	101343.733	0.624561102	0.0848653187	0	13.5	0	0	3
78	123	0	1.07727183	101343.678	101342.898	101342.349	101343.733	0.65476447	0.0848653187	0	12.9	0	0	3
79	124	0	1.09108301	101343.675	101342.927	101342.349	101343.733	0.683957702	0.0848653187	0	12.4	0	0	3
80	126	0	1.10489419	101343.645	101342.956	101342.349	101343.733	0.713303978	0.0848653187	0	11.8	0	0	3
81	127	0	1.11870537	101343.729	101342.992	101342.349	101343.733	0.749169853	0.0848653187	0	11.3	0	0	3
82	129	0	1.13251654	101343.482	101343.021	101342.349	101343.733	0.778392833	0.0848653187	0	10.9	0	0	3
83	130	0	1.14632772	101343.327	101343.044	101342.349	101343.733	0.800670363	0.0848653187	0	10.5	0	0	3
84	131	0	1.1601389	101343.322	101343.065	101342.349	101343.733	0.821713823	0.0848653187	0	10.3	0	0	3
85	133	0	1.17395008	101343.297	101343.088	101342.349	101343.733	0.845584043	0.0848653187	0	10	0	0	3
86	134	0	1.18776125	101343.22	101343.111	101342.349	101343.733	0.868349231	0.0848653187	0	9.7	0	0	3
87	136	0	1.20157243	101343.208	101343.134	101342.349	101343.733	0.891159923	0.0848653187	0	9.5	0	0	3
88	137	0	1.21538361	101343.355	101343.161	101342.397	101343.733	0.918340534	0.0848653187	0	9.2	0	0	3
89	139	0	1.22919478	101343.569	101343.191	101342.397	101343.733	0.947898335	0.0848653187	0	8.9	0	0	3
90	140	0	1.24300596	101343.657	101343.225	101342.397	101343.733	0.981895617	0.0848653187	0	8.6	0	0	3
91	141	0	1.25681714	101343.816	101343.263	101342.428	101343.816	1.00927281	0.0848653187	0	8.4	0	0	3
92	143	0	1.27062832	101343.614	101343.295	101342.638	101343.816	1.03058049	0.0848653187	0	8.2	0	0	3
93	144	0	1.28443949	101343.587	101343.321	101342.688	101343.816	1.03254645	0.0848653187	0	8.2	0	0	3
94	146	0	1.29825067	101343.726	101343.349	101342.695	101343.816	1.03320866	0.0848653187	0	8.2	0	0	3
95	150	0	1.31206185	101343.675	101343.371	101342.695	101343.816	1.01639831	0.0848653187	0	8.3	0	0	3
96	154	0	1.32587303	101343.594	101343.384	101342.695	101343.816	0.996294826	0.0848653187	0	8.5	0	0	3
97	159	0	1.3396842	101343.426	101343.396	101342.695	101343.816	0.974775389	0.0848653187	0	8.7	0	0	3
98	163	0	1.35349538	101343.494	101343.416	101342.695	101343.816	0.957183745	0.0848653187	0	8.8	0	0	3
99	166	0	1.36730656	101343.513	101343.438	101342.722	101343.816	0.942851222	0.0848653187	0	9	0	0	3
100	169	0	1.38111774	101343.926	101343.471	101342.832	101343.926	0.942935327	0.0848653187	0	9	0	0	3
101	173	0	1.39492891	101343.868	101343.496	101342.832	101343.926	0.946694644	0.0848653187	0	8.9	0	0	3
102	176	0	1.40874009	101343.53	101343.515	101342.854	101343.926	0.945261519	0.0848653187	0	8.9	0	0	3
103	179	0	1.42255127	101343.386	101343.526	101342.854	101343.926	0.944632775	0.0848653187	0	8.9	0	0	3
104	182	0	1.43636244	101343.6	101343.546	101343.136	101343.926	0.789202048	0.0848653187	0	10.7	0	0	3
105	185	0	1.45017362	101343.675	101343.561	101343.208	101343.926	0.717611329	0.0848653187	0	11.8	0	0	3
106	188	0	1.4639848	101343.856	101343.573	101343.208	101343.926	0.717611329	0.0848653187	0	11.8	0	0	3
107	190	0	1.47779598	101343.944	101343.587	101343.208	101343.944	0.736326085	0.0848653187	0	11.5	0	0	3
108	194	0	1.49160715	101343.852	101343.6	101343.208	101343.944	0.736326085	0.0848653187	0	11.5	0	0	3
109	195	0	1.50541833	101344.082	101343.614	101343.208	101344.082	0.87420652	0.0848653187	0	9.7	0	0	3
110	198	0	1.51922951	101344.122	101343.625	101343.208	101344.122	0.857294155	0.0848653187	0	9.8	0	0	3
111	201	0	1.53304069	101344.022	101343.634	101343.208	101344.122	0.832278268	0.0848653187	0	10.1	0	0	3
112	204	0	1.54685186	101343.876	101343.642	101343.208	101344.122	0.806899858	0.0848653187	0	10.5	0	0	3
113	206	0	1.56066304	101343.9	101343.647	101343.208	101344.122	0.779181801	0.0848653187	0	10.8	0	0	3
114	208	0	1.57447422	101343.611	101343.645	101343.208	101344.122	0.748978433	0.0848653187	0	11.3	0	0	3
115	210	0	1.5882854	101344	101343.654	101343.208	101344.122	0.726759739	0.0848653187	0	11.6	0	0	3
116	211	0	1.60209657	101344.213	101343.668	101343.208	101344.213	0.711946525	0.0848653187	0	11.9	0	0	3
117	213	0	1.61590775	101343.861	101343.674	101343.208	101344.213	0.681928472	0.0848653187	0	12.4	0	0	3
118	217	0	1.62971893	101343.724	101343.674	101343.208	101344.213	0.652705492	0.0848653187	0	13	0	0	3
119	221	0	1.64353011	101343.468	101343.673	101343.208	101344.213	0.630427962	0.0848653187	0	13.4	0	0	3
120	223	0	1.65734128	101343.646	101343.682	101343.208	101344.213	0.617460221	0.0848653187	0	13.7	0	0	3
121	225	0	1.67115246	101343.898	101343.698	101343.208	101344.213	0.609150018	0.0848653187	0	13.9	0	0	3
122	228	0	1.68496364	101344.09	101343.719	101343.208	101344.213	0.607817162	0.0848653187	0	13.9	0	0	3
123	230	0	1.69877481	101344.286	101343.748	101343.208	101344.286	0.613804885	0.0848653187	0	13.8	0	0	3
124	232	0	1.71258599	101344.155	101343.773	101343.355	101344.286	0.61221528	0.0848653187	0	13.8	0	0	3
125	234	0	1.72639717	101344.046	101343.792	101343.386	101344.286	0.601330642	0.0848653187	0	14.1	0	0	3
126	237	0	1.74020835	101344.061	101343.805	101343.386	101344.286	0.580625198	0.0848653187	0	14.6	0	0	3
127	239	0	1.75401952	101343.844	101343.81	101343.386	101344.286	0.54731546	0.0848653187	0	15.5	0	0	3
128	241	0	1.7678307	101343.566	101343.804	101343.386	101344.286	0.515262027	0.0848653187	0	16.4	0	0	3
129	244	0	1.78164188	101343.36	101343.797	101343.36	101344.286	0.489630028	0.0848653187	0	17.3	0	0	3
130	247	0	1.79545306	101343.536	101343.795	101343.36	101344.286	0.461565177	0.0848653187	0	18.3	0	0	3
131	249	0	1.80926423	101343.533	101343.79	101343.36	101344.286	0.439648847	0.0848653187	0	19.3	0	0	3
132	251	0	1.82307541	101343.375	101343.782	101343.36	101344.286	0.426199711	0.0848653187	0	19.9	0	0	3
133	253	0	1.83688659	101343.378	101343.776	101343.36	101344.286	0.414198461	0.0848653187	0	20.4	0	0	3
134	256	0	1.85069777	101343.364	101343.775	101343.36	101344.286	0.394600402	0.0848653187	0	21.5	0	0	3
135	260	0	1.86450894	101343.497	101343.775	101343.36	101344.286	0.372482283	0.0848653187	0	22.7	0	0	3
136	262	0	1.87832012	101343.63	101343.778	101343.36	101344.286	0.339957155	0.0848653187	0	24.9	0	0	3
137	266	0	1.8921313	101343.841	101343.776	101343.36	101344.286	0.314693007	0.0848653187	0	26.9	0	0	3
138	270	0	1.90594247	101344.032	101343.78	101343.36	101344.286	0.295813232	0.0848653187	0	28.6	0	0	3
139	272	0	1.91975365	101344.164	101343.797	101343.36	101344.286	0.28412904	0.0848653187	0	29.8	0	0	3
140	275	0	1.93356483	101344.201	101343.819	101343.36	101344.286	0.272699452	0.0848653187	0	31.1	0	0	3
141	278	0	1.94737601	101344.211	101343.836	101343.36	101344.286	0.274644667	0.0848653187	0	30.9	0	0	3
142	280	0	1.96118718	101344.42	101343.856	101343.36	101344.42	0.282368759	0.0848653187	0	30	0	0	3
143	281	0	1.97499836	101344.367	101343.87	101343.36	101344.42	0.282787676	0.0848653187	0	30	0	0	3
144	283	0	1.98880954	101344.295	101343.879	101343.36	101344.42	0.279584977	0.0848653187	0	30.3	0	0	3
145	285	0	2.00262072	101344.178	101343.888	101343.36	101344.42	0.273906716	0.0848653187	0	30.9	0	0	3
146	287	0	2.01643189	101344.327	101343.895	101343.36	101344.42	0.269167491	0.0848653187	0	31.5	0	0	3
147	289	0	2.03024307	101344.581	101343.907	101343.36	101344.581	0.273298012	0.0848653187	0	31	0	0	3
148	291	0	2.04405425	101344.458	101343.919	101343.36	101344.581	0.276599654	0.0848653187	0	30.6	0	0	3
149	295	0	2.05786543	101344.269	101343.929	101343.36	101344.581	0.284466039	0.0848653187	0	29.8	0	0	3
150	298	0	2.0716766	101344.459	101343.944	101343.36	101344.581	0.299575255	0.0848653187	0	28.3	0	0	3
151	299	0	2.08548778	101344.591	101343.971	101343.36	101344.591	0.31735686	0.0848653187	0	26.7	0	0	3
152	301	0	2.09929896	101344.546	101343.986	101343.36	101344.591	0.317581401	0.0848653187	0	26.7	0	0	3
153	303	0	2.11311014	101344.666	101343.998	101343.36	101344.666	0.324503106	0.0848653187	0	26.1	0	0	3
154	305	0	2.12692131	101344.758	101344.022	101343.36	101344.758	0.34874529	0.0848653187	0	24.3	0	0	3
155	307	0	2.14073249	101345.05	101344.058	101343.36	101345.05	0.384571313	0.0848653187	0	22	0	0	3
156	309	0	2.15454367	101345.027	101344.1	101343.36	101345.05	0.418102937	0.0848653187	0	20.2	0	0	3
157	311	0	2.16835484	101344.812	101344.132	101343.36	101345.05	0.434058269	0.0848653187	0	19.5	0	0	3
158	315	0	2.18216602	101344.453	101344.147	101343.36	101345.05	0.427631192	0.0848653187	0	19.8	0	0	3
159	320	0	2.1959772	101344.135	101344.148	101343.36	101345.05	0.400052993	0.0848653187	0	21.2	0	0	3
160	324	0	2.20978838	101343.914	101344.138	101343.36	101345.05	0.374461987	0.0848653187	0	22.6	0	0	3
161	327	0	2.22359955	101343.711	101344.126	101343.36	101345.05	0.373265498	0.0848653187	0	22.7	0	0	3
162	329	0	2.23741073	101343.45	101344.11	101343.36	101345.05	0.373265498	0.0848653187	0	22.7	0	0	3
163	331	0	2.25122191	101343.351	101344.091	101343.351	101345.05	0.373265498	0.0848653187	0	22.7	0	0	3
164	333	0	2.26503309	101343.41	101344.079	101343.351	101345.05	0.373265498	0.0848653187	0	22.7	0	0	3
165	335	0	2.27884426	101343.221	101344.07	101343.221	101345.05	0.373265498	0.0848653187	0	22.7	0	0	3
166	337	0	2.29265544	101343.087	101344.062	101343.087	101345.05	0.373265498	0.0848653187	0	22.7	0	0	3
167	338	0	2.30646662	101342.949	101344.046	101342.949	101345.05	0.373265498	0.0848653187	0	22.7	0	0	3
168	340	0	2.3202778	101343.218	101344.038	101342.949	101345.05	0.373265498	0.0848653187	0	22.7	0	0	3
169	342	0	2.33408897	101343.287	101344.035	101342.949	101345.05	0.373265498	0.0848653187	0	22.7	0	0	3
170	344	0	2.34790015	101343.55	101344.04	101342.949	101345.05	0.373265498	0.0848653187	0	22.7	0	0	3
171	346	0	2.36171133	101343.906	101344.055	101342.949	101345.05	0.373176363	0.0848653187	0	22.7	0	0	3
172	348	0	2.3755225	101343.81	101344.063	101342.949	101345.05	0.37230955	0.0848653187	0	22.7	0	0	3
173	350	0	2.38933368	101343.83	101344.069	101342.949	101345.05	0.37230955	0.0848653187	0	22.7	0	0	3
174	352	0	2.40314486	101343.818	101344.068	101342.949	101345.05	0.367878609	0.0848653187	0	23	0	0	3
175	353	0	2.41695604	101344.096	101344.07	101342.949	101345.05	0.350751794	0.0848653187	0	24.1	0	0	3
176	355	0	2.43076721	101344.245	101344.072	101342.949	101345.05	0.328710963	0.0848653187	0	25.8	0	0	3
177	357	0	2.44457839	101344.087	101344.069	101342.949	101345.05	0.312199899	0.0848653187	0	27.1	0	0	3
178	359	0	2.45838957	101344.05	101344.064	101342.949	101345.05	0.29207868	0.0848653187	0	29	0	0	3
179	361	0	2.47220075	101344.05	101344.054	101342.949	101345.05	0.278273467	0.0848653187	0	30.4	0	0	3
180	363	0	2.48601192	101344.174	101344.049	101342.949	101345.05	0.26879392	0.0848653187	0	31.5	0	0	3
181	365	0	2.4998231	101344.271	101344.049	101342.949	101345.05	0.259986059	0.0848653187	0	32.6	0	0	3
182	366	0	2.51363428	101344.322	101344.052	101342.949	101345.05	0.253369768	0.0848653187	0	33.4	0	0	3
183	368	0	2.52744546	101344.452	101344.056	101342.949	101345.05	0.240944206	0.0848653187	0	35.2	0	0	3
184	370	0	2.54125663	101344.491	101344.053	101342.949	101345.05	0.229174862	0.0848653187	0	37	0	0	3
185	372	0	2.55506781	101344.518	101344.055	101342.949	101345.05	0.218543939	0.0848653187	0	38.8	0	0	3
186	374	0	2.56887899	101344.524	101344.062	101342.949	101345.05	0.203434724	0.0848653187	0	41.7	0	0	3
187	376	0	2.58269017	101344.455	101344.062	101342.949	101345.05	0.1769435	0.0848653187	0	47.9	0	0	3
188	378	0	2.59650134	101344.447	101344.058	101342.949	101345.05	0.162185897	0.0848653187	0	52.3	0	0	3
189	381	0	2.61031252	101344.517	101344.057	101342.949	101345.05	0.14994681	0.0848653187	0	56.5	0	0	3
190	383	0	2.6241237	101344.652	101344.057	101342.949	101345.05	0.125704626	0.0848653187	0	67.5	0	0	3
191	386	0	2.63793487	101344.704	101344.055	101342.949	101345.05	0.11256299	0.0848653187	0	75.3	0	0	3
192	388	0	2.65174605	101344.594	101344.043	101342.949	101345.027	0.11256299	0.0848653187	0	75.3	0	0	3
193	391	0	2.66555723	101344.574	101344.031	101342.949	101344.812	0.117220095	0.0848653187	0	72.3	0	0	3
194	394	0	2.67936841	101344.332	101344.018	101342.949	101344.704	0.13018286	0.0848653187	0	65.1	0	0	3
195	397	0	2.69317958	101344.129	101344.009	101342.949	101344.704	0.138935701	0.0848653187	0	61	0	0	3
196	399	0	2.70699076	101343.926	101344.003	101342.949	101344.704	0.134541483	0.0848653187	0	63	0	0	3
197	402	0	2.72080194	101344.01	101344.006	101342.949	101344.704	0.122536786	0.0848653187	0	69.2	0	0	3
198	404	0	2.73461312	101344.153	101344.018	101342.949	101344.704	0.106432061	0.0848653187	0	79.7	0	0	3
199	405	0	2.74842429	101344.293	101344.041	101342.949	101344.704	0.08723782	0.0848653187	0	97.2	0	0	3
200	407	0	2.76223547	101344.613	101344.075	101342.949	101344.704	0.0755099227	0.0848653187	0	100	0	0	3
