Iteration	CPUTime	PhysTime	Travels	Value	AvValue	MinValue	MaxValue	Delta	Criteria	PrevAvRefValue	Progress	CriteriaType	CriteriaVarType	CriteriaPercentage
1	8	0	0.0138111774	0	0	0	0	0	0	0	0	0	0	3
2	10	0	0.0276223547	0	0	0	0	0	0	0	0	0	0	3
3	11	0	0.0414335321	0	0	0	0	0	0	0	0	0	0	3
4	12	0	0.0552447094	0	0	0	0	0	0	0	0	0	0	3
5	14	0	0.0690558868	0	0	0	0	0	0	0	0	0	0	3
6	15	0	0.0828670641	0	0	0	0	0	0	0	0	0	0	3
7	17	0	0.0966782415	0	0	0	0	0	0	0	0	0	0	3
8	18	0	0.110489419	0	0	0	0	0	0	0	0	0	0	3
9	19	0	0.124300596	0	0	0	0	0	0	0	0	0	0	3
10	21	0	0.138111774	0	0	0	0	0	0	0	0	0	0	3
11	22	0	0.151922951	0	0	0	0	0	0	0	0	0	0	3
12	23	0	0.165734128	0	0	0	0	0	0	0	0	0	0	3
13	25	0	0.179545306	0	0	0	0	0	0	0	0	0	0	3
14	26	0	0.193356483	0	0	0	0	0	0	0	0	0	0	3
15	27	0	0.20716766	0	0	0	0	0	0	0	0	0	0	3
16	28	0	0.220978838	0	0	0	0	0	0	0	0	0	0	3
17	29	0	0.234790015	0	0	0	0	0	0	0	0	0	0	3
18	31	0	0.248601192	0	0	0	0	0	0	0	0	0	0	3
19	32	0	0.26241237	0	0	0	0	0	0	0	0	0	0	3
20	34	0	0.276223547	0	0	0	0	0	0	0	0	0	0	3
21	35	0	0.290034724	0	0	0	0	0	0	0	0	0	0	3
22	36	0	0.303845902	0	0	0	0	0	0	0	0	0	0	3
23	38	0	0.317657079	0	0	0	0	0	0	0	0	0	0	3
24	39	0	0.331468256	0	0	0	0	0	0	0	0	0	0	3
25	40	0	0.345279434	0	0	0	0	0	0	0	0	0	0	3
26	42	0	0.359090611	0	0	0	0	0	0	0	0	0	0	3
27	43	0	0.372901789	0	0	0	0	0	0	0	0	0	0	3
28	44	0	0.386712966	0	0	0	0	0	0	0	0	0	0	3
29	46	0	0.400524143	0	0	0	0	0	0	0	0	0	0	3
30	47	0	0.414335321	0	0	0	0	0	0	0	0	0	0	3
31	48	0	0.428146498	0	0	0	0	0	0	0	0	0	0	3
32	50	0	0.441957675	0	0	0	0	0	0	0	0	0	0	3
33	51	0	0.455768853	0	0	0	0	0	0	0	0	0	0	3
34	52	0	0.46958003	0	0	0	0	0	0	0	0	0	0	3
35	54	0	0.483391207	0	0	0	0	0	0	0	0	0	0	3
36	55	0	0.497202385	0	0	0	0	0	0	0	0	0	0	3
37	56	0	0.511013562	0	0	0	0	0	0	0	0	0	0	3
38	59	0	0.524824739	0	0	0	0	0	0	0	0	0	0	3
39	63	0	0.538635917	0	0	0	0	0	0	0	0	0	0	3
40	64	0	0.552447094	0	0	0	0	0	0	0	0	0	0	3
41	65	0	0.566258272	0	0	0	0	0	0	0	0	0	0	3
42	67	0	0.580069449	0	0	0	0	0	0	0	0	0	0	3
43	68	0	0.593880626	0	0	0	0	0	0	0	0	0	0	3
44	70	0	0.607691804	0	0	0	0	0	0	0	0	0	0	3
45	72	0	0.621502981	0	0	0	0	0	0	0	0	0	0	3
46	74	0	0.635314158	0	0	0	0	0	0	0	0	0	0	3
47	76	0	0.649125336	0	0	0	0	0	0	0	0	0	0	3
48	80	0	0.662936513	0	0	0	0	0	0	0	0	0	0	3
49	83	0	0.67674769	0	0	0	0	0	0	0	0	0	0	3
50	84	0	0.690558868	0	0	0	0	0	0	0	0	0	0	3
51	86	0	0.704370045	0	0	0	0	0	0	0	0	0	0	3
52	87	0	0.718181222	0	0	0	0	0	0	0	0	0	0	3
53	88	0	0.7319924	0	0	0	0	0	0	0	0	0	0	3
54	90	0	0.745803577	0	0	0	0	0	0	0	0	0	0	3
55	91	0	0.759614754	0	0	0	0	0	0	0	0	0	0	3
56	93	0	0.773425932	0	0	0	0	0	0	0	0	0	0	3
57	94	0	0.787237109	0	0	0	0	0	0	0	0	0	0	3
58	96	0	0.801048287	0	0	0	0	0	0	0	0	0	0	3
59	97	0	0.814859464	0	0	0	0	0	0	0	0	0	0	3
60	98	0	0.828670641	0	0	0	0	0	0	0	0	0	0	3
61	100	0	0.842481819	0	0	0	0	0	0	0	0	0	0	3
62	101	0	0.856292996	0	0	0	0	0	0	0	0	0	0	3
63	102	0	0.870104173	0	0	0	0	0	0	0	0	0	0	3
64	104	0	0.883915351	0	0	0	0	0	0	0	0	0	0	3
65	105	0	0.897726528	0	0	0	0	0	0	0	0	0	0	3
66	106	0	0.911537705	0	0	0	0	0	0	0	0	0	0	3
67	108	0	0.925348883	0	0	0	0	0	0	0	0	0	0	3
68	109	0	0.93916006	0	0	0	0	0	0	0	0	0	0	3
69	111	0	0.952971237	0	0	0	0	0	0	0	0	0	0	3
70	112	0	0.966782415	0	0	0	0	0	0	0	0	0	0	3
71	113	0	0.980593592	0	0	0	0	0	0	0	0	0	0	3
72	115	0	0.994404769	0	0	0	0	0	0	0	0	0	0	3
73	116	0	1.00821595	0	0	0	0	0	5e-06	0	100	0	0	3
74	117	0	1.02202712	0	0	0	0	0	5e-06	0	100	0	0	3
75	119	0	1.0358383	0	0	0	0	0	5e-06	0	100	0	0	3
76	120	0	1.04964948	0	0	0	0	0	5e-06	0	100	0	0	3
77	122	0	1.06346066	0	0	0	0	0	5e-06	0	100	0	0	3
78	123	0	1.07727183	0	0	0	0	0	5e-06	0	100	0	0	3
79	124	0	1.09108301	0	0	0	0	0	5e-06	0	100	0	0	3
80	126	0	1.10489419	0	0	0	0	0	5e-06	0	100	0	0	3
81	127	0	1.11870537	0	0	0	0	0	5e-06	0	100	0	0	3
82	129	0	1.13251654	0	0	0	0	0	5e-06	0	100	0	0	3
83	130	0	1.14632772	0	0	0	0	0	5e-06	0	100	0	0	3
84	131	0	1.1601389	0	0	0	0	0	5e-06	0	100	0	0	3
85	133	0	1.17395008	0	0	0	0	0	5e-06	0	100	0	0	3
86	134	0	1.18776125	0	0	0	0	0	5e-06	0	100	0	0	3
87	136	0	1.20157243	0	0	0	0	0	5e-06	0	100	0	0	3
88	137	0	1.21538361	0	0	0	0	0	5e-06	0	100	0	0	3
89	139	0	1.22919478	0	0	0	0	0	5e-06	0	100	0	0	3
90	140	0	1.24300596	0	0	0	0	0	5e-06	0	100	0	0	3
91	141	0	1.25681714	0	0	0	0	0	5e-06	0	100	0	0	3
92	143	0	1.27062832	0	0	0	0	0	5e-06	0	100	0	0	3
93	144	0	1.28443949	0	0	0	0	0	5e-06	0	100	0	0	3
94	146	0	1.29825067	0	0	0	0	0	5e-06	0	100	0	0	3
95	150	0	1.31206185	0	0	0	0	0	5e-06	0	100	0	0	3
96	154	0	1.32587303	0	0	0	0	0	5e-06	0	100	0	0	3
97	159	0	1.3396842	0	0	0	0	0	5e-06	0	100	0	0	3
98	163	0	1.35349538	0	0	0	0	0	5e-06	0	100	0	0	3
99	166	0	1.36730656	0	0	0	0	0	5e-06	0	100	0	0	3
100	169	0	1.38111774	0	0	0	0	0	5e-06	0	100	0	0	3
101	173	0	1.39492891	0	0	0	0	0	5e-06	0	100	0	0	3
102	176	0	1.40874009	0	0	0	0	0	5e-06	0	100	0	0	3
103	179	0	1.42255127	0	0	0	0	0	5e-06	0	100	0	0	3
104	182	0	1.43636244	0	0	0	0	0	5e-06	0	100	0	0	3
105	185	0	1.45017362	0	0	0	0	0	5e-06	0	100	0	0	3
106	188	0	1.4639848	0	0	0	0	0	5e-06	0	100	0	0	3
107	190	0	1.47779598	0	0	0	0	0	5e-06	0	100	0	0	3
108	194	0	1.49160715	0	0	0	0	0	5e-06	0	100	0	0	3
109	195	0	1.50541833	0	0	0	0	0	5e-06	0	100	0	0	3
110	198	0	1.51922951	0	0	0	0	0	5e-06	0	100	0	0	3
111	201	0	1.53304069	0	0	0	0	0	5e-06	0	100	0	0	3
112	204	0	1.54685186	0	0	0	0	0	5e-06	0	100	0	0	3
113	206	0	1.56066304	0	0	0	0	0	5e-06	0	100	0	0	3
114	208	0	1.57447422	0	0	0	0	0	5e-06	0	100	0	0	3
115	210	0	1.5882854	0	0	0	0	0	5e-06	0	100	0	0	3
116	211	0	1.60209657	0	0	0	0	0	5e-06	0	100	0	0	3
117	213	0	1.61590775	0	0	0	0	0	5e-06	0	100	0	0	3
118	217	0	1.62971893	0	0	0	0	0	5e-06	0	100	0	0	3
119	221	0	1.64353011	0	0	0	0	0	5e-06	0	100	0	0	3
120	223	0	1.65734128	0	0	0	0	0	5e-06	0	100	0	0	3
121	225	0	1.67115246	0	0	0	0	0	5e-06	0	100	0	0	3
122	228	0	1.68496364	0	0	0	0	0	5e-06	0	100	0	0	3
123	230	0	1.69877481	0	0	0	0	0	5e-06	0	100	0	0	3
124	232	0	1.71258599	0	0	0	0	0	5e-06	0	100	0	0	3
125	234	0	1.72639717	0	0	0	0	0	5e-06	0	100	0	0	3
126	237	0	1.74020835	0	0	0	0	0	5e-06	0	100	0	0	3
127	239	0	1.75401952	0	0	0	0	0	5e-06	0	100	0	0	3
128	241	0	1.7678307	0	0	0	0	0	5e-06	0	100	0	0	3
129	244	0	1.78164188	0	0	0	0	0	5e-06	0	100	0	0	3
130	247	0	1.79545306	0	0	0	0	0	5e-06	0	100	0	0	3
131	249	0	1.80926423	0	0	0	0	0	5e-06	0	100	0	0	3
132	251	0	1.82307541	0	0	0	0	0	5e-06	0	100	0	0	3
133	253	0	1.83688659	0	0	0	0	0	5e-06	0	100	0	0	3
134	256	0	1.85069777	0	0	0	0	0	5e-06	0	100	0	0	3
135	260	0	1.86450894	0	0	0	0	0	5e-06	0	100	0	0	3
136	262	0	1.87832012	0	0	0	0	0	5e-06	0	100	0	0	3
137	266	0	1.8921313	0	0	0	0	0	5e-06	0	100	0	0	3
138	270	0	1.90594247	0	0	0	0	0	5e-06	0	100	0	0	3
139	272	0	1.91975365	0	0	0	0	0	5e-06	0	100	0	0	3
140	275	0	1.93356483	0	0	0	0	0	5e-06	0	100	0	0	3
141	278	0	1.94737601	0	0	0	0	0	5e-06	0	100	0	0	3
142	280	0	1.96118718	0	0	0	0	0	5e-06	0	100	0	0	3
143	281	0	1.97499836	0	0	0	0	0	5e-06	0	100	0	0	3
144	283	0	1.98880954	0	0	0	0	0	5e-06	0	100	0	0	3
145	285	0	2.00262072	0	0	0	0	0	5e-06	0	100	0	0	3
146	287	0	2.01643189	0	0	0	0	0	5e-06	0	100	0	0	3
147	289	0	2.03024307	0	0	0	0	0	5e-06	0	100	0	0	3
148	291	0	2.04405425	0	0	0	0	0	5e-06	0	100	0	0	3
149	295	0	2.05786543	0	0	0	0	0	5e-06	0	100	0	0	3
150	298	0	2.0716766	0	0	0	0	0	5e-06	0	100	0	0	3
151	299	0	2.08548778	0	0	0	0	0	5e-06	0	100	0	0	3
152	301	0	2.09929896	0	0	0	0	0	5e-06	0	100	0	0	3
153	303	0	2.11311014	0	0	0	0	0	5e-06	0	100	0	0	3
154	305	0	2.12692131	0	0	0	0	0	5e-06	0	100	0	0	3
155	307	0	2.14073249	0	0	0	0	0	5e-06	0	100	0	0	3
156	309	0	2.15454367	0	0	0	0	0	5e-06	0	100	0	0	3
157	311	0	2.16835484	0	0	0	0	0	5e-06	0	100	0	0	3
158	315	0	2.18216602	0	0	0	0	0	5e-06	0	100	0	0	3
159	320	0	2.1959772	0	0	0	0	0	5e-06	0	100	0	0	3
160	324	0	2.20978838	0	0	0	0	0	5e-06	0	100	0	0	3
161	327	0	2.22359955	0	0	0	0	0	5e-06	0	100	0	0	3
162	329	0	2.23741073	0	0	0	0	0	5e-06	0	100	0	0	3
163	331	0	2.25122191	0	0	0	0	0	5e-06	0	100	0	0	3
164	333	0	2.26503309	0	0	0	0	0	5e-06	0	100	0	0	3
165	335	0	2.27884426	0	0	0	0	0	5e-06	0	100	0	0	3
166	337	0	2.29265544	0	0	0	0	0	5e-06	0	100	0	0	3
167	338	0	2.30646662	0	0	0	0	0	5e-06	0	100	0	0	3
168	340	0	2.3202778	0	0	0	0	0	5e-06	0	100	0	0	3
169	342	0	2.33408897	0	0	0	0	0	5e-06	0	100	0	0	3
170	344	0	2.34790015	0	0	0	0	0	5e-06	0	100	0	0	3
171	346	0	2.36171133	0	0	0	0	0	5e-06	0	100	0	0	3
172	348	0	2.3755225	0	0	0	0	0	5e-06	0	100	0	0	3
173	350	0	2.38933368	0	0	0	0	0	5e-06	0	100	0	0	3
174	352	0	2.40314486	0	0	0	0	0	5e-06	0	100	0	0	3
175	353	0	2.41695604	0	0	0	0	0	5e-06	0	100	0	0	3
176	355	0	2.43076721	0	0	0	0	0	5e-06	0	100	0	0	3
177	357	0	2.44457839	0	0	0	0	0	5e-06	0	100	0	0	3
178	359	0	2.45838957	0	0	0	0	0	5e-06	0	100	0	0	3
179	361	0	2.47220075	0	0	0	0	0	5e-06	0	100	0	0	3
180	363	0	2.48601192	0	0	0	0	0	5e-06	0	100	0	0	3
181	365	0	2.4998231	0	0	0	0	0	5e-06	0	100	0	0	3
182	366	0	2.51363428	0	0	0	0	0	5e-06	0	100	0	0	3
183	368	0	2.52744546	0	0	0	0	0	5e-06	0	100	0	0	3
184	370	0	2.54125663	0	0	0	0	0	5e-06	0	100	0	0	3
185	372	0	2.55506781	0	0	0	0	0	5e-06	0	100	0	0	3
186	374	0	2.56887899	0	0	0	0	0	5e-06	0	100	0	0	3
187	376	0	2.58269017	0	0	0	0	0	5e-06	0	100	0	0	3
188	378	0	2.59650134	0	0	0	0	0	5e-06	0	100	0	0	3
189	381	0	2.61031252	0	0	0	0	0	5e-06	0	100	0	0	3
190	383	0	2.6241237	0	0	0	0	0	5e-06	0	100	0	0	3
191	386	0	2.63793487	0	0	0	0	0	5e-06	0	100	0	0	3
192	388	0	2.65174605	0	0	0	0	0	5e-06	0	100	0	0	3
193	391	0	2.66555723	0	0	0	0	0	5e-06	0	100	0	0	3
194	394	0	2.67936841	0	0	0	0	0	5e-06	0	100	0	0	3
195	397	0	2.69317958	0	0	0	0	0	5e-06	0	100	0	0	3
196	399	0	2.70699076	0	0	0	0	0	5e-06	0	100	0	0	3
197	402	0	2.72080194	0	0	0	0	0	5e-06	0	100	0	0	3
198	404	0	2.73461312	0	0	0	0	0	5e-06	0	100	0	0	3
199	405	0	2.74842429	0	0	0	0	0	5e-06	0	100	0	0	3
200	407	0	2.76223547	0	0	0	0	0	5e-06	0	100	0	0	3
