Iteration	CPUTime	PhysTime	Travels	Value	AvValue	MinValue	MaxValue	Delta	Criteria	PrevAvRefValue	Progress	CriteriaType	CriteriaVarType	CriteriaPercentage
1	8	0	0.0138111774	0.0141614687	0.0141614687	0.0141614687	0.0141614687	0	0	0	0	0	0	3
2	10	0	0.0276223547	8.83667794e-05	0.00712491773	8.83667794e-05	0.0141614687	0.00703655095	0	0	0	0	0	3
3	11	0	0.0414335321	-9.41928205e-05	0.00471854754	-9.41928205e-05	0.0141614687	0.00944292113	0	0	0	0	0	3
4	12	0	0.0552447094	-5.12649516e-05	0.00352609442	-9.41928205e-05	0.0141614687	0.0106353743	0	0	0	0	0	3
5	14	0	0.0690558868	-4.10870851e-05	0.00281265812	-9.41928205e-05	0.0141614687	0.0113488106	0	0	0	0	0	3
6	15	0	0.0828670641	-6.37974679e-05	0.00233324885	-9.41928205e-05	0.0141614687	0.0118282198	0	0	0	0	0	3
7	17	0	0.0966782415	-0.000138123321	0.00198019569	-0.000138123321	0.0141614687	0.012181273	0	0	0	0	0	3
8	18	0	0.110489419	-0.000157875008	0.00171293685	-0.000157875008	0.0141614687	0.0124485318	0	0	0	0	0	3
9	19	0	0.124300596	-0.000153597574	0.00150554414	-0.000157875008	0.0141614687	0.0126559245	0	0	0	0	0	3
10	21	0	0.138111774	-0.000179838587	0.00133700586	-0.000179838587	0.0141614687	0.0128244628	0	0	0	0	0	3
11	22	0	0.151922951	-0.000154628252	0.00120140276	-0.000179838587	0.0141614687	0.0129600659	0	0	0	0	0	3
12	23	0	0.165734128	-0.000236851317	0.00108154826	-0.000236851317	0.0141614687	0.0130799204	0	0	0	0	0	3
13	25	0	0.179545306	-0.00028174825	0.000976679294	-0.00028174825	0.0141614687	0.0131847894	0	0	0	0	0	3
14	26	0	0.193356483	-0.000249221672	0.000889114939	-0.00028174825	0.0141614687	0.0132723537	0	0	0	0	0	3
15	27	0	0.20716766	-0.000299591071	0.000809867872	-0.000299591071	0.0141614687	0.0133516008	0	0	0	0	0	3
16	28	0	0.220978838	-0.000397779885	0.000734389887	-0.000397779885	0.0141614687	0.0134270788	0	0	0	0	0	3
17	29	0	0.234790015	-0.00251835165	0.00054305215	-0.00251835165	0.0141614687	0.0136184165	0	0	0	0	0	3
18	31	0	0.248601192	-0.000504788451	0.000484838783	-0.00251835165	0.0141614687	0.0136766299	0	0	0	0	0	3
19	32	0	0.26241237	-0.000590808705	0.000428225757	-0.00251835165	0.0141614687	0.0137332429	0	0	0	0	0	3
20	34	0	0.276223547	-0.000578959654	0.000377866487	-0.00251835165	0.0141614687	0.0137836022	0	0	0	0	0	3
21	35	0	0.290034724	-0.000417304322	0.00034000121	-0.00251835165	0.0141614687	0.0138214675	0	0	0	0	0	3
22	36	0	0.303845902	-0.000667667023	0.000294198109	-0.00251835165	0.0141614687	0.0138672706	0	0	0	0	0	3
23	38	0	0.317657079	-0.0008468585	0.000244586952	-0.00251835165	0.0141614687	0.0139168817	0	0	0	0	0	3
24	39	0	0.331468256	-0.000621223686	0.000208511508	-0.00251835165	0.0141614687	0.0139529572	0	0	0	0	0	3
25	40	0	0.345279434	-0.000724204803	0.000171202856	-0.00251835165	0.0141614687	0.0139902658	0	0	0	0	0	3
26	42	0	0.359090611	-0.000339933676	0.000151543759	-0.00251835165	0.0141614687	0.0140099249	0	0	0	0	0	3
27	43	0	0.372901789	0.00854493085	0.000462409947	-0.00251835165	0.0141614687	0.0140099249	0	0	0	0	0	3
28	44	0	0.386712966	0.000981101941	0.000480934661	-0.00251835165	0.0141614687	0.0140099249	0	0	0	0	0	3
29	46	0	0.400524143	0.000933405994	0.000496537121	-0.00251835165	0.0141614687	0.0140099249	0	0	0	0	0	3
30	47	0	0.414335321	0.000745992329	0.000504852294	-0.00251835165	0.0141614687	0.0140099249	0	0	0	0	0	3
31	48	0	0.428146498	0.000944822927	0.000519044896	-0.00251835165	0.0141614687	0.0140099249	0	0	0	0	0	3
32	50	0	0.441957675	0.000453174774	0.000516986454	-0.00251835165	0.0141614687	0.0140099249	0	0	0	0	0	3
33	51	0	0.455768853	0.000286482219	0.000510001477	-0.00251835165	0.0141614687	0.0140099249	0	0	0	0	0	3
34	52	0	0.46958003	-0.000917245676	0.00046802362	-0.00251835165	0.0141614687	0.0140099249	0	0	0	0	0	3
35	54	0	0.483391207	-0.00121411448	0.000419962531	-0.00251835165	0.0141614687	0.0140099249	0	0	0	0	0	3
36	55	0	0.497202385	-0.00118603343	0.000375351532	-0.00251835165	0.0141614687	0.0140099249	0	0	0	0	0	3
37	56	0	0.511013562	-0.00192192696	0.000313262924	-0.00251835165	0.0141614687	0.0140099249	0	0	0	0	0	3
38	59	0	0.524824739	-0.00186303454	-0.000119831757	-0.00251835165	0.00854493085	0.00724474948	0	0	0	0	0	3
39	63	0	0.538635917	0.00182074849	-7.30106295e-05	-0.00251835165	0.00854493085	0.0048383793	0	0	0	0	0	3
40	64	0	0.552447094	0.0197736761	0.000463958801	-0.00251835165	0.0197736761	0.00364592618	0	0	0	0	0	3
41	65	0	0.566258272	0.00165409487	0.000510049607	-0.00251835165	0.0197736761	0.00293248988	0	0	0	0	0	3
42	67	0	0.580069449	0.0658448252	0.00229074994	-0.00251835165	0.0658448252	0.00245308061	0	0	0	0	0	3
43	68	0	0.593880626	0.00155541147	0.00233451234	-0.00251835165	0.0658448252	0.0024543441	0	0	0	0	0	3
44	70	0	0.607691804	0.000833199906	0.00236076432	-0.00251835165	0.0658448252	0.00248059608	0	0	0	0	0	3
45	72	0	0.621502981	-0.0011854876	0.00233299101	-0.00251835165	0.0658448252	0.00248059608	0	0	0	0	0	3
46	74	0	0.635314158	0.00280432334	0.00241293482	-0.00251835165	0.0658448252	0.00253276657	0	0	0	0	0	3
47	76	0	0.649125336	0.0153309986	0.00283214663	-0.00251835165	0.0658448252	0.00295197839	0	0	0	0	0	3
48	80	0	0.662936513	0.00261597126	0.0029070277	-0.00251835165	0.0658448252	0.00302685946	0	0	0	0	0	3
49	83	0	0.67674769	-0.00245478743	0.00284708348	-0.00251835165	0.0658448252	0.00302685946	0	0	0	0	0	3
50	84	0	0.690558868	-0.00229229006	0.00279274451	-0.00251835165	0.0658448252	0.00302685946	0	0	0	0	0	3
51	86	0	0.704370045	-0.00230268271	0.00273724557	-0.00251835165	0.0658448252	0.00302685946	0	0	0	0	0	3
52	87	0	0.718181222	-0.00243846999	0.00267943803	-0.00251835165	0.0658448252	0.00302685946	0	0	0	0	0	3
53	88	0	0.7319924	-0.000887914645	0.00266619114	-0.00251835165	0.0658448252	0.00302685946	0	0	0	0	0	3
54	90	0	0.745803577	-0.0030788604	0.00265104226	-0.0030788604	0.0658448252	0.00302685946	0	0	0	0	0	3
55	91	0	0.759614754	-0.00289391386	0.0025864713	-0.0030788604	0.0658448252	0.00302685946	0	0	0	0	0	3
56	93	0	0.773425932	0.00224484199	0.00266311051	-0.0030788604	0.0658448252	0.00302685946	0	0	0	0	0	3
57	94	0	0.787237109	0.00226458684	0.00273996312	-0.0030788604	0.0658448252	0.00302685946	0	0	0	0	0	3
58	96	0	0.801048287	0.00215645687	0.00280952423	-0.0030788604	0.0658448252	0.00302685946	0	0	0	0	0	3
59	97	0	0.814859464	0.00221317503	0.00288738483	-0.0030788604	0.0658448252	0.00302685946	0	0	0	0	0	3
60	98	0	0.828670641	0.00176925421	0.00295809057	-0.0030788604	0.0658448252	0.00307792233	0	0	0	0	0	3
61	100	0	0.842481819	-0.002987133	0.00289414708	-0.0030788604	0.0658448252	0.00307792233	0	0	0	0	0	3
62	101	0	0.856292996	-0.00169672523	0.00286786274	-0.0030788604	0.0658448252	0.00307792233	0	0	0	0	0	3
63	102	0	0.870104173	0.00243706112	0.00294291666	-0.0030788604	0.0658448252	0.00307792233	0	0	0	0	0	3
64	104	0	0.883915351	0.00221138746	0.00277173981	-0.0030788604	0.0658448252	0.00307792233	0	0	0	0	0	3
65	105	0	0.897726528	0.0515064486	0.00413728972	-0.0030788604	0.0658448252	0.00425712147	0	0	0	0	0	3
66	106	0	0.911537705	-0.000798205037	0.00409048942	-0.0030788604	0.0658448252	0.00425712147	0	0	0	0	0	3
67	108	0	0.925348883	0.0549750584	0.00555613986	-0.0030788604	0.0658448252	0.00567597161	0	0	0	0	0	3
68	109	0	0.93916006	0.000333680013	0.00553962248	-0.0030788604	0.0658448252	0.00567597161	0	0	0	0	0	3
69	111	0	0.952971237	0.0223154258	0.00613049413	-0.0030788604	0.0658448252	0.00625032589	0	0	0	0	0	3
70	112	0	0.966782415	0.0184403587	0.00662113944	-0.0030788604	0.0658448252	0.0067409712	0	0	0	0	0	3
71	113	0	0.980593592	0.00112716114	0.00667639368	-0.0030788604	0.0658448252	0.00679622543	0	0	0	0	0	3
72	115	0	0.994404769	0.00145437398	0.00674851499	-0.0030788604	0.0658448252	0.00686834674	0	0	0	0	0	3
73	116	0	1.00821595	0.00281555323	0.00685666598	-0.0030788604	0.0658448252	0.00697649773	1.51702304	0	100	0	0	3
74	117	0	1.02202712	0.00118081858	0.00694052397	-0.0030788604	0.0658448252	0.00706035572	1.51702304	0	100	0	0	3
75	119	0	1.0358383	0.00177388409	0.00703881906	-0.0030788604	0.0658448252	0.00711182969	1.51702304	0	100	0	0	3
76	120	0	1.04964948	0.00023248615	0.00699589305	-0.0030788604	0.0658448252	0.00657486026	1.51702304	0	100	0	0	3
77	122	0	1.06346066	0.00202464137	0.00651618941	-0.0030788604	0.0658448252	0.00652876946	1.51702304	0	100	0	0	3
78	123	0	1.07727183	-0.00252824083	0.00640315331	-0.0030788604	0.0658448252	0.00474806912	1.51702304	0	100	0	0	3
79	124	0	1.09108301	-0.000936224927	0.00459826007	-0.0030788604	0.0549750584	0.00470582805	1.51702304	0	100	0	0	3
80	126	0	1.10489419	-0.00131679111	0.00452063297	-0.0030788604	0.0549750584	0.00470582805	1.51702304	0	100	0	0	3
81	127	0	1.11870537	-0.00220668417	0.00443847394	-0.0030788604	0.0549750584	0.00470582805	1.51702304	0	100	0	0	3
82	129	0	1.13251654	0.000643878117	0.00448791626	-0.0030788604	0.0549750584	0.00462588425	1.51702304	0	100	0	0	3
83	130	0	1.14632772	-0.00306475899	0.00432929241	-0.0030788604	0.0549750584	0.00445234776	1.51702304	0	100	0	0	3
84	131	0	1.1601389	-0.0025964453	0.0038447669	-0.0030788604	0.0549750584	0.00445234776	1.51702304	0	100	0	0	3
85	133	0	1.17395008	0.00202415251	0.0038287718	-0.0030788604	0.0549750584	0.00445234776	1.51702304	0	100	0	0	3
86	134	0	1.18776125	-0.00229158241	0.00383318274	-0.0030788604	0.0549750584	0.00445234776	1.51702304	0	100	0	0	3
87	136	0	1.20157243	-0.0443146213	0.00269744406	-0.0443146213	0.0549750584	0.00445234776	1.51702304	0	100	0	0	3
88	137	0	1.21538361	0.0017612943	0.00280728128	-0.0443146213	0.0549750584	0.00445234776	1.51702304	0	100	0	0	3
89	139	0	1.22919478	0.00261859559	0.00294395873	-0.0443146213	0.0549750584	0.00445234776	1.51702304	0	100	0	0	3
90	140	0	1.24300596	0.00256934809	0.00303739826	-0.0443146213	0.0549750584	0.00445234776	1.51702304	0	100	0	0	3
91	141	0	1.25681714	0.0021679425	0.00317920374	-0.0443146213	0.0549750584	0.00445234776	1.51702304	0	100	0	0	3
92	143	0	1.27062832	0.00152748903	0.00329870112	-0.0443146213	0.0549750584	0.00437570855	1.51702304	0	100	0	0	3
93	144	0	1.28443949	-0.00236184266	0.00317419613	-0.0443146213	0.0549750584	0.004341375	1.51702304	0	100	0	0	3
94	146	0	1.29825067	-0.000931230926	0.00308782268	-0.0443146213	0.0549750584	0.004341375	1.51702304	0	100	0	0	3
95	150	0	1.31206185	0.00113607677	0.00306024483	-0.0443146213	0.0549750584	0.004341375	1.51702304	0	100	0	0	3
96	154	0	1.32587303	-0.00269838701	0.00292749992	-0.0443146213	0.0549750584	0.004341375	1.51702304	0	100	0	0	3
97	159	0	1.3396842	-0.00251266659	0.00281177233	-0.0443146213	0.0549750584	0.004341375	1.51702304	0	100	0	0	3
98	163	0	1.35349538	-0.000149097005	0.002888476	-0.0443146213	0.0549750584	0.004341375	1.51702304	0	100	0	0	3
99	166	0	1.36730656	0.00169833253	0.00298023432	-0.0443146213	0.0549750584	0.004341375	1.51702304	0	100	0	0	3
100	169	0	1.38111774	3.65308101e-05	0.00291535512	-0.0443146213	0.0549750584	0.004341375	1.51702304	0	100	0	0	3
101	173	0	1.39492891	0.0214940102	0.00343650709	-0.0443146213	0.0549750584	0.004341375	1.51702304	0	100	0	0	3
102	176	0	1.40874009	-0.00251751409	0.00197639999	-0.0443146213	0.0549750584	0.00506241908	1.51702304	0	100	0	0	3
103	179	0	1.42255127	-0.002286716	0.00193616996	-0.0443146213	0.0549750584	0.0051026491	1.51702304	0	100	0	0	3
104	182	0	1.43636244	0.00142305007	0.000488818384	-0.0443146213	0.0223154258	0.00655000068	1.51702304	0	100	0	0	3
105	185	0	1.45017362	0.0020880091	0.000536232684	-0.0443146213	0.0223154258	0.00655000068	1.51702304	0	100	0	0	3
106	188	0	1.4639848	0.00275758304	7.64233798e-06	-0.0443146213	0.0214940102	0.00703117673	1.51702304	0	100	0	0	3
107	190	0	1.47779598	0.00308474355	-0.000407374287	-0.0443146213	0.0214940102	0.00744619335	1.51702304	0	100	0	0	3
108	194	0	1.49160715	0.00264156936	-0.000366444335	-0.0443146213	0.0214940102	0.00744619335	1.51702304	0	100	0	0	3
109	195	0	1.50541833	0.00189793321	-0.000354456248	-0.0443146213	0.0214940102	0.00744619335	1.51702304	0	100	0	0	3
110	198	0	1.51922951	0.00220212038	-0.000371035514	-0.0443146213	0.0214940102	0.00744619335	1.51702304	0	100	0	0	3
111	201	0	1.53304069	-0.00228616844	-0.000464737865	-0.0443146213	0.0214940102	0.00750355693	1.51702304	0	100	0	0	3
112	204	0	1.54685186	-0.00284191906	-0.000589489302	-0.0443146213	0.0214940102	0.00758538236	1.51702304	0	100	0	0	3
113	206	0	1.56066304	-0.00222357757	-0.000655869403	-0.0443146213	0.0214940102	0.00717205881	1.51702304	0	100	0	0	3
114	208	0	1.57447422	0.00243113327	-0.000644883135	-0.0443146213	0.0214940102	0.00705902271	1.51702304	0	100	0	0	3
115	210	0	1.5882854	-0.00158044894	-0.000619267138	-0.0443146213	0.0214940102	0.00525412947	1.51702304	0	100	0	0	3
116	211	0	1.60209657	0.0132868809	-0.000234858872	-0.0443146213	0.0214940102	0.00517650237	1.51702304	0	100	0	0	3
117	213	0	1.61590775	-0.000485552005	-0.00021239295	-0.0443146213	0.0214940102	0.00514378566	1.51702304	0	100	0	0	3
118	217	0	1.62971893	-0.0254398696	-0.000840316881	-0.0443146213	0.0214940102	0.00532823314	1.51702304	0	100	0	0	3
119	221	0	1.64353011	-0.0025829006	-0.000927527116	-0.0443146213	0.0214940102	0.00525681953	1.51702304	0	100	0	0	3
120	223	0	1.65734128	-0.000474999217	-0.000857533609	-0.0443146213	0.0214940102	0.00477229402	1.51702304	0	100	0	0	3
121	225	0	1.67115246	0.00233497159	-0.000724252071	-0.0443146213	0.0214940102	0.00476070986	1.51702304	0	100	0	0	3
122	228	0	1.68496364	0.00192843162	-0.000726839122	-0.0443146213	0.0214940102	0.00476070986	1.51702304	0	100	0	0	3
123	230	0	1.69877481	0.00133943153	-0.00062870361	-0.0443146213	0.0214940102	0.0043640342	1.51702304	0	100	0	0	3
124	232	0	1.71258599	-0.00148029492	0.000528980886	-0.0254398696	0.0214940102	0.0043640342	1.41466649	0	100	0	0	3
125	234	0	1.72639717	-0.0259542202	-0.000220087073	-0.0259542202	0.0214940102	0.0043640342	1.41668402	0	100	0	0	3
126	237	0	1.74020835	-0.00207221646	-0.000346865777	-0.0259542202	0.0214940102	0.0043640342	1.41597431	0	100	0	0	3
127	239	0	1.75401952	0.00206694643	-0.0003604442	-0.0259542202	0.0214940102	0.0043640342	1.51702304	0	100	0	0	3
128	241	0	1.7678307	-0.00281032489	-0.000494991967	-0.0259542202	0.0214940102	0.0043640342	1.51702304	0	100	0	0	3
129	244	0	1.78164188	-0.0165748819	-0.000984245235	-0.0259542202	0.0214940102	0.00442075232	1.51702304	0	100	0	0	3
130	247	0	1.79545306	0.00143892931	-0.000881521668	-0.0259542202	0.0214940102	0.00442075232	1.51702304	0	100	0	0	3
131	249	0	1.80926423	0.0182464652	-0.000363205555	-0.0259542202	0.0214940102	0.00442075232	1.51702304	0	100	0	0	3
132	251	0	1.82307541	0.0020485182	-0.000338544976	-0.0259542202	0.0214940102	0.00442075232	1.51702304	0	100	0	0	3
133	253	0	1.83688659	-0.00285173182	-0.00034268943	-0.0259542202	0.0214940102	0.00442075232	1.51702304	0	100	0	0	3
134	256	0	1.85069777	-0.0024066736	-0.000339824755	-0.0259542202	0.0214940102	0.00442075232	1.51702304	0	100	0	0	3
135	260	0	1.86450894	-0.0027333883	-0.000409670466	-0.0259542202	0.0214940102	0.00442075232	1.51702304	0	100	0	0	3
136	262	0	1.87832012	0.0234078706	0.000177073807	-0.0259542202	0.0234078706	0.00442075232	1.51702304	0	100	0	0	3
137	266	0	1.8921313	0.00193216525	0.00022830717	-0.0259542202	0.0234078706	0.00442075232	1.51702304	0	100	0	0	3
138	270	0	1.90594247	0.00271480196	-0.000279238998	-0.0259542202	0.0234078706	0.00296064522	1.51702304	0	100	0	0	3
139	272	0	1.91975365	0.00282049634	-0.000134968446	-0.0259542202	0.0234078706	0.0029204152	1.51702304	0	100	0	0	3
140	275	0	1.93356483	0.0040971822	3.75693433e-05	-0.0259542202	0.0234078706	0.00152047792	1.51702304	0	100	0	0	3
141	278	0	1.94737601	-0.0027088887	-7.41046776e-05	-0.0259542202	0.0234078706	0.00152047792	1.51702304	0	100	0	0	3
142	280	0	1.96118718	0.00199999643	-7.64833985e-05	-0.0259542202	0.0234078706	0.00151322612	1.51702304	0	100	0	0	3
143	281	0	1.97499836	0.0201357425	0.000393196586	-0.0259542202	0.0234078706	0.00151322612	1.51702304	0	100	0	0	3
144	283	0	1.98880954	0.000139965588	0.000313607993	-0.0259542202	0.0234078706	0.00151322612	1.51702304	0	100	0	0	3
145	285	0	2.00262072	0.00187458602	0.000292878713	-0.0259542202	0.0234078706	0.00151322612	1.51702304	0	100	0	0	3
146	287	0	2.01643189	-0.00172775187	0.000194887225	-0.0259542202	0.0234078706	0.00151322612	1.51702304	0	100	0	0	3
147	289	0	2.03024307	0.00266560987	0.000207413968	-0.0259542202	0.0234078706	0.00151322612	1.51702304	0	100	0	0	3
148	291	0	2.04405425	0.00195427385	0.000322020516	-0.0259542202	0.0234078706	0.00151322612	1.51702304	0	100	0	0	3
149	295	0	2.05786543	-0.0171782029	-6.54466142e-05	-0.0259542202	0.0234078706	0.00151322612	1.51702304	0	100	0	0	3
150	298	0	2.0716766	-0.00134271177	-4.16394302e-05	-0.0259542202	0.0234078706	0.00151322612	1.51702304	0	100	0	0	3
151	299	0	2.08548778	0.00224325775	-4.67171469e-05	-0.0259542202	0.0234078706	0.00151322612	1.51702304	0	100	0	0	3
152	301	0	2.09929896	0.000406496702	6.98408662e-06	-0.0259542202	0.0234078706	0.00151322612	1.51702304	0	100	0	0	3
153	303	0	2.11311014	-0.0025064092	-0.000419861592	-0.0259542202	0.0234078706	0.00151322612	1.51702304	0	100	0	0	3
154	305	0	2.12692131	0.00268828312	-0.000334082265	-0.0259542202	0.0234078706	0.00151322612	1.51702304	0	100	0	0	3
155	307	0	2.14073249	0.00269386993	0.000426289074	-0.0259542202	0.0234078706	0.00151322612	1.51702304	0	100	0	0	3
156	309	0	2.15454367	0.00246988865	0.000562850946	-0.0259542202	0.0234078706	0.00154709618	1.41437248	0	100	0	0	3
157	311	0	2.16835484	-0.00273634416	0.000501733515	-0.0259542202	0.0234078706	0.00154709618	1.41661331	0	100	0	0	3
158	315	0	2.18216602	-0.00239867153	0.000373797214	-0.0259542202	0.0234078706	0.00154709618	1.38912435	0	100	0	0	3
159	320	0	2.1959772	-0.0144075276	-6.77151959e-05	-0.0259542202	0.0234078706	0.00154709618	1.38905558	0	100	0	0	3
160	324	0	2.20978838	-0.0237716477	-0.000746393012	-0.0259542202	0.0234078706	0.00154709618	1.41527357	0	100	0	0	3
161	327	0	2.22359955	-0.00182479062	-0.000755703707	-0.0259542202	0.0234078706	0.00154709618	1.51702304	0	100	0	0	3
162	329	0	2.23741073	-0.00245832481	-0.000120679508	-0.0237716477	0.0234078706	0.00154709618	1.51702304	0	100	0	0	3
163	331	0	2.25122191	-0.0024034736	-0.000129632403	-0.0237716477	0.0234078706	0.00154709618	1.51702304	0	100	0	0	3
164	333	0	2.26503309	0.00238913331	-0.00012092465	-0.0237716477	0.0234078706	0.00154709618	1.51702304	0	100	0	0	3
165	335	0	2.27884426	0.0315724896	0.000808340606	-0.0237716477	0.0315724896	0.00179258584	1.51702304	0	100	0	0	3
166	337	0	2.29265544	-0.00249901752	0.00118876937	-0.0237716477	0.0315724896	0.00207029104	1.51702304	0	100	0	0	3
167	338	0	2.30646662	-0.000797879529	0.00112831508	-0.0237716477	0.0315724896	0.00194447308	1.51702304	0	100	0	0	3
168	340	0	2.3202778	0.00152454921	0.000676371403	-0.0237716477	0.0315724896	0.00194447308	1.51702304	0	100	0	0	3
169	342	0	2.33408897	0.0288534979	0.00140083031	-0.0237716477	0.0315724896	0.00215653402	1.51702304	0	100	0	0	3
170	344	0	2.34790015	0.00179605963	0.0015264463	-0.0237716477	0.0315724896	0.00228215	1.51702304	0	100	0	0	3
171	346	0	2.36171133	0.00222446276	0.00165161215	-0.0237716477	0.0315724896	0.00240731585	1.51702304	0	100	0	0	3
172	348	0	2.3755225	0.00292585796	0.00180456475	-0.0237716477	0.0315724896	0.00256026845	1.51702304	0	100	0	0	3
173	350	0	2.38933368	-0.00271335979	0.00109858555	-0.0237716477	0.0315724896	0.00256026845	1.51702304	0	100	0	0	3
174	352	0	2.40314486	0.00155814437	0.00108847687	-0.0237716477	0.0315724896	0.00256026845	1.51702304	0	100	0	0	3
175	353	0	2.41695604	-0.000313254046	0.00100663752	-0.0237716477	0.0315724896	0.00256026845	1.51702304	0	100	0	0	3
176	355	0	2.43076721	0.00227636019	0.000991931141	-0.0237716477	0.0315724896	0.00256026845	1.51702304	0	100	0	0	3
177	357	0	2.44457839	0.00135443417	0.000917802816	-0.0237716477	0.0315724896	0.00256026845	1.51702304	0	100	0	0	3
178	359	0	2.45838957	-0.00237414104	0.00092685005	-0.0237716477	0.0315724896	0.00256026845	1.51702304	0	100	0	0	3
179	361	0	2.47220075	-0.00207093924	0.000816824762	-0.0237716477	0.0315724896	0.00256026845	1.51702304	0	100	0	0	3
180	363	0	2.48601192	0.00197376122	0.000325960403	-0.0237716477	0.0315724896	0.00256026845	1.51702304	0	100	0	0	3
181	365	0	2.4998231	0.00267414222	0.000394451664	-0.0237716477	0.0315724896	0.00256026845	1.51702304	0	100	0	0	3
182	366	0	2.51363428	0.00240088236	0.000408675889	-0.0237716477	0.0315724896	0.00256026845	1.51702304	0	100	0	0	3
183	368	0	2.52744546	0.00226150664	0.000516493686	-0.0237716477	0.0315724896	0.00256026845	1.51702304	0	100	0	0	3
184	370	0	2.54125663	0.0132008635	0.000801230271	-0.0237716477	0.0315724896	0.00256026845	1.51702304	0	100	0	0	3
185	372	0	2.55506781	0.0172453787	0.00121450338	-0.0237716477	0.0315724896	0.00256026845	1.51702304	0	100	0	0	3
186	374	0	2.56887899	0.00219123366	0.00173800166	-0.0237716477	0.0315724896	0.00256026845	1.51702304	0	100	0	0	3
187	376	0	2.58269017	0.00160033246	0.0018175434	-0.0237716477	0.0315724896	0.0025732471	1.51702304	0	100	0	0	3
188	378	0	2.59650134	-0.00281497657	0.00168083436	-0.0237716477	0.0315724896	0.0025732471	1.51702304	0	100	0	0	3
189	381	0	2.61031252	-0.00235747186	0.00160613251	-0.0237716477	0.0315724896	0.0025732471	1.51702304	0	100	0	0	3
190	383	0	2.6241237	-0.00164093176	0.00162952379	-0.0237716477	0.0315724896	0.0025732471	1.51702304	0	100	0	0	3
191	386	0	2.63793487	-0.00175911075	0.00150932396	-0.0237716477	0.0315724896	0.0025732471	1.51702304	0	100	0	0	3
192	388	0	2.65174605	-0.0016925406	0.00139077232	-0.0237716477	0.0315724896	0.0025732471	1.51702304	0	100	0	0	3
193	391	0	2.66555723	-0.00183188116	0.00127450827	-0.0237716477	0.0315724896	0.0025732471	1.51702304	0	100	0	0	3
194	394	0	2.67936841	-0.00165124008	0.00130383541	-0.0237716477	0.0315724896	0.0025732471	1.51702304	0	100	0	0	3
195	397	0	2.69317958	-0.0026218821	0.00129780269	-0.0237716477	0.0315724896	0.0025732471	1.51702304	0	100	0	0	3
196	399	0	2.70699076	0.000531278369	0.0017015542	-0.0237716477	0.0315724896	0.0025732471	1.51702304	0	100	0	0	3
197	402	0	2.72080194	-0.0014375185	0.00230517931	-0.00281497657	0.0315724896	0.00306088302	1.51702304	0	100	0	0	3
198	404	0	2.73461312	0.00294357689	0.00243405411	-0.00281497657	0.0315724896	0.00256368652	1.51702304	0	100	0	0	3
199	405	0	2.74842429	0.00187629546	0.00255120601	-0.00281497657	0.0315724896	0.00268083841	1.51702304	0	100	0	0	3
200	407	0	2.76223547	0.00187013073	0.00266670883	-0.00281497657	0.0315724896	0.00278763348	1.51702304	0	100	0	0	3
